image: map_mod.pgm
resolution: 0.100000
origin: [-76.700002, 62.800000, -1.570796]
negate: 0
occupied_thresh: 0.65
free_thresh: 0.196
